latitude 
43.12166666666667 
43.12250064350064 
43.123334620334624 
43.1241685971686 
43.12500257400258 
43.12583655083655 
43.126670527670534 
43.12750450450451 
43.12833848133848 
43.12917245817246 
43.130006435006436 
43.13084041184042 
43.13167438867439 
43.13250836550837 
43.133342342342345 
43.13417631917632 
43.1350102960103 
43.135844272844274 
43.136678249678255 
43.13751222651223 
43.13834620334621 
43.13918018018018 
43.14001415701416 
43.14084813384814 
43.14168211068211 
43.14251608751609 
43.14335006435007 
43.14418404118405 
43.14501801801802 
43.145851994851995 
43.146685971685976 
43.14751994851995 
43.14835392535393 
43.149187902187904 
43.150021879021885 
43.15085585585586 
43.15168983268983 
43.152523809523814 
43.15335778635779 
43.15419176319177 
43.15502574002574 
43.15585971685972 
43.1566936936937 
43.15752767052767 
43.15836164736165 
43.159195624195625 
43.160029601029606 
43.16086357786358 
43.16169755469756 
43.162531531531535 
43.16336550836551 
43.16419948519949 
43.16503346203346 
43.165867438867444 
43.16670141570142 
43.1675353925354 
43.16836936936937 
43.169203346203346 
43.17003732303733 
43.1708712998713 
43.17170527670528 
43.172539253539256 
43.17337323037324 
43.17420720720721 
43.175041184041184 
43.175875160875165 
43.17670913770914 
43.17754311454312 
43.178377091377094 
43.179211068211075 
43.18004504504505 
43.18087902187902 
43.181712998713 
43.18254697554698 
43.18338095238096 
43.18421492921493 
43.18504890604891 
43.185882882882886 
43.18671685971686 
43.18755083655084 
43.188384813384815 
43.189218790218796 
43.19005276705277 
43.19088674388675 
43.191720720720724 
43.1925546975547 
43.19338867438868 
43.19422265122265 
43.19505662805663 
43.19589060489061 
43.19672458172459 
43.19755855855856 
43.198392535392536 
43.19922651222652 
43.20006048906049 
43.20089446589447 
43.201728442728445 
43.20256241956242 
43.2033963963964 
43.204230373230374 
43.205064350064355 
43.20589832689833 
43.20673230373231 
43.20756628056628 
43.20840025740026 
43.20923423423424 
43.21006821106821 
43.21090218790219 
43.211736164736166 
43.21257014157015 
43.21340411840412 
43.214238095238095 
43.215072072072076 
43.21590604890605 
43.21674002574003 
43.217574002574004 
43.218407979407985 
43.21924195624196 
43.22007593307593 
43.22090990990991 
43.22174388674389 
43.22257786357787 
43.22341184041184 
43.22424581724582 
43.2250797940798 
43.22591377091377 
43.22674774774775 
43.227581724581725 
43.228415701415706 
43.22924967824968 
43.23008365508366 
43.230917631917634 
43.23175160875161 
43.23258558558559 
43.23341956241956 
43.234253539253544 
43.23508751608752 
43.2359214929215 
43.23675546975547 
43.237589446589446 
43.23842342342343 
43.2392574002574 
43.24009137709138 
43.240925353925356 
43.241759330759336 
43.24259330759331 
43.243427284427284 
43.244261261261265 
43.24509523809524 
43.24592921492922 
43.24676319176319 
43.247597168597174 
43.24843114543115 
43.24926512226512 
43.2500990990991 
43.25093307593308 
43.25176705276706 
43.25260102960103 
43.25343500643501 
43.254268983268986 
43.25510296010296 
43.25593693693694 
43.256770913770914 
43.257604890604895 
43.25843886743887 
43.25927284427285 
43.260106821106824 
43.2609407979408 
43.26177477477478 
43.26260875160875 
43.26344272844273 
43.26427670527671 
43.26511068211069 
43.26594465894466 
43.266778635778635 
43.267612612612616 
43.26844658944659 
43.26928056628057 
43.270114543114545 
43.270948519948526 
43.2717824967825 
43.27261647361647 
43.273450450450454 
43.27428442728443 
43.27511840411841 
43.27595238095238 
43.276786357786364 
43.27762033462034 
43.27845431145431 
43.27928828828829 
43.280122265122266 
43.28095624195625 
43.28179021879022 
43.2826241956242 
43.283458172458175 
43.28429214929215 
43.28512612612613 
43.285960102960104 
43.286794079794085 
43.28762805662806 
43.28846203346204 
43.28929601029601 
43.29012998712999 
43.29096396396397 
43.29179794079794 
43.29263191763192 
43.293465894465896 
43.29429987129988 
43.29513384813385 
43.295967824967825 
43.296801801801806 
43.29763577863578 
43.29846975546976 
43.299303732303734 
43.300137709137715 
43.30097168597169 
43.30180566280566 
43.302639639639644 
43.30347361647362 
43.3043075933076 
43.30514157014157 
43.30597554697555 
43.30680952380953 
43.3076435006435 
43.30847747747748 
43.309311454311455 
43.310145431145436 
43.31097940797941 
43.31181338481339 
43.312647361647365 
43.31348133848134 
43.31431531531532 
43.31514929214929 
43.315983268983274 
43.31681724581725 
43.31765122265123 
43.3184851994852 
43.319319176319176 
43.32015315315316 
43.32098712998713 
43.32182110682111 
43.322655083655086 
43.32348906048907 
43.32432303732304 
43.325157014157014 
43.325990990990995 
43.32682496782497 
43.32765894465895 
43.32849292149292 
43.329326898326904 
43.33016087516088 
43.33099485199485 
43.33182882882883 
43.33266280566281 
43.33349678249679 
43.33433075933076 
43.33516473616474 
43.335998712998716 
43.33683268983269 
43.33766666666667 
43.338500643500645 
43.339334620334625 
43.3401685971686 
43.34100257400258 
43.341836550836554 
43.34267052767053 
43.34350450450451 
43.34433848133848 
43.34517245817246 
43.34600643500644 
43.34684041184042 
43.34767438867439 
43.348508365508366 
43.34934234234235 
43.35017631917632 
43.3510102960103 
43.351844272844275 
43.35267824967825 
43.35351222651223 
43.3543462033462 
43.355180180180184 
43.35601415701416 
43.35684813384814 
43.35768211068211 
43.35851608751609 
43.35935006435007 
43.36018404118404 
43.36101801801802 
43.361851994851996 
43.36268597168598 
43.36351994851995 
43.364353925353925 
43.365187902187905 
43.36602187902188 
43.36685585585586 
43.367689832689834 
43.368523809523815 
43.36935778635779 
43.37019176319176 
43.37102574002574 
43.37185971685972 
43.3726936936937 
43.37352767052767 
43.37436164736165 
43.37519562419563 
43.3760296010296 
43.37686357786358 
43.377697554697555 
43.378531531531536 
43.37936550836551 
43.38019948519949 
43.381033462033464 
43.38186743886744 
43.38270141570142 
43.38353539253539 
43.384369369369374 
43.38520334620335 
43.38603732303733 
43.3868712998713 
43.387705276705276 
43.38853925353926 
43.38937323037323 
43.39020720720721 
43.391041184041185 
43.391875160875166 
43.39270913770914 
43.393543114543114 
43.394377091377095 
43.39521106821107 
43.39604504504505 
43.39687902187902 
43.397712998713004 
43.39854697554698 
43.39938095238095 
43.40021492921493 
43.401048906048906 
43.40188288288289 
43.40271685971686 
43.40355083655084 
43.404384813384816 
43.40521879021879 
43.40605276705277 
43.406886743886744 
43.407720720720725 
43.4085546975547 
43.40938867438868 
43.410222651222654 
43.41105662805663 
43.41189060489061 
43.41272458172458 
43.41355855855856 
43.41439253539254 
43.41522651222652 
43.41606048906049 
43.416894465894465 
43.417728442728446 
43.41856241956242 
43.4193963963964 
43.420230373230375 
43.421064350064356 
43.42189832689833 
43.4227323037323 
43.423566280566284 
43.42440025740026 
43.42523423423424 
43.42606821106821 
43.42690218790219 
43.42773616473617 
43.42857014157014 
43.42940411840412 
43.430238095238096 
43.43107207207208 
43.43190604890605 
43.43274002574003 
43.433574002574005 
43.43440797940798 
43.43524195624196 
43.436075933075934 
43.436909909909915 
43.43774388674389 
43.43857786357787 
43.43941184041184 
43.44024581724582 
43.4410797940798 
43.44191377091377 
43.44274774774775 
43.443581724581726 
43.44441570141571 
43.44524967824968 
43.446083655083655 
43.446917631917636 
43.44775160875161 
43.44858558558559 
43.449419562419564 
43.450253539253545 
43.45108751608752 
43.45192149292149 
43.45275546975547 
43.45358944658945 
43.45442342342343 
43.4552574002574 
43.45609137709138 
43.45692535392536 
43.45775933075933 
43.45859330759331 
43.459427284427285 
43.460261261261266 
43.46109523809524 
43.46192921492922 
43.462763191763194 
43.46359716859717 
43.46443114543115 
43.46526512226512 
43.466099099099104 
43.46693307593308 
43.46776705276706 
43.46860102960103 
43.469435006435006 
43.47026898326899 
43.47110296010296 
43.47193693693694 
43.472770913770916 
43.473604890604896 
43.47443886743887 
43.475272844272844 
43.476106821106825 
43.4769407979408 
43.47777477477478 
43.47860875160875 
43.479442728442734 
43.48027670527671 
43.48111068211068 
43.48194465894466 
43.48277863577864 
43.48361261261262 
43.48444658944659 
43.48528056628057 
43.486114543114546 
43.48694851994852 
43.4877824967825 
43.488616473616474 
43.489450450450455 
43.49028442728443 
43.49111840411841 
43.491952380952384 
43.49278635778636 
43.49362033462034 
43.49445431145431 
43.49528828828829 
43.49612226512227 
43.49695624195625 
43.49779021879022 
43.498624195624195 
43.499458172458176 
43.50029214929215 
43.50112612612613 
43.501960102960105 
43.502794079794086 
43.50362805662806 
43.50446203346203 
43.505296010296014 
43.50612998712999 
43.50696396396397 
43.50779794079794 
43.50863191763192 
43.5094658944659 
43.51029987129987 
43.51113384813385 
43.511967824967826 
43.51280180180181 
43.51363577863578 
43.514469755469754 
43.515303732303735 
43.51613770913771 
43.51697168597169 
43.517805662805664 
43.518639639639645 
43.51947361647362 
43.52030759330759 
43.52114157014157 
43.52197554697555 
43.52280952380953 
43.5236435006435 
43.52447747747748 
43.525311454311456 
43.52614543114543 
43.52697940797941 
43.527813384813385 
43.528647361647366 
43.52948133848134 
43.53031531531532 
43.531149292149294 
43.53198326898327 
43.53281724581725 
43.53365122265122 
43.534485199485204 
43.53531917631918 
43.53615315315316 
43.53698712998713 
43.537821106821106 
43.53865508365509 
43.53948906048906 
43.54032303732304 
43.541157014157015 
43.541990990990996 
43.54282496782497 
43.543658944658944 
43.544492921492925 
43.5453268983269 
43.54616087516088 
43.54699485199485 
43.547828828828834 
43.54866280566281 
43.54949678249678 
43.55033075933076 
43.551164736164736 
43.55199871299872 
43.55283268983269 
43.55366666666667 
43.554500643500646 
43.55533462033462 
43.5561685971686 
43.557002574002574 
43.557836550836555 
43.55867052767053 
43.55950450450451 
43.56033848133848 
43.56117245817246 
43.56200643500644 
43.56284041184041 
43.56367438867439 
43.56450836550837 
43.56534234234235 
43.56617631917632 
43.567010296010295 
43.567844272844276 
43.56867824967825 
43.56951222651223 
43.570346203346205 
43.571180180180185 
43.57201415701416 
43.57284813384813 
43.573682110682114 
43.57451608751609 
43.57535006435007 
43.57618404118404 
43.57701801801802 
43.577851994852 
43.57868597168597 
43.57951994851995 
43.580353925353926 
43.58118790218791 
43.58202187902188 
43.58285585585586 
43.583689832689835 
43.58452380952381 
43.58535778635779 
43.58619176319176 
43.587025740025744 
43.58785971685972 
43.5886936936937 
43.58952767052767 
43.59036164736165 
43.59119562419563 
43.5920296010296 
43.59286357786358 
43.593697554697556 
43.59453153153154 
43.59536550836551 
43.596199485199485 
43.597033462033465 
43.59786743886744 
43.59870141570142 
43.599535392535394 
43.600369369369375 
43.60120334620335 
43.60203732303732 
43.6028712998713 
43.60370527670528 
43.60453925353926 
43.60537323037323 
43.60620720720721 
43.60704118404119 
43.60787516087516 
43.60870913770914 
43.609543114543115 
43.610377091377096 
43.61121106821107 
43.61204504504505 
43.612879021879024 
43.613712998713 
43.61454697554698 
43.61538095238095 
43.616214929214934 
43.61704890604891 
43.61788288288289 
43.61871685971686 
43.619550836550836 
43.62038481338482 
43.62121879021879 
43.62205276705277 
43.622886743886745 
43.623720720720726 
43.6245546975547 
43.625388674388674 
43.626222651222655 
43.62705662805663 
43.62789060489061 
43.62872458172458 
43.629558558558564 
43.63039253539254 
43.63122651222651 
43.63206048906049 
43.632894465894466 
43.63372844272845 
43.63456241956242 
43.6353963963964 
43.636230373230376 
43.63706435006435 
43.63789832689833 
43.638732303732304 
43.639566280566285 
43.64040025740026 
43.64123423423424 
43.642068211068214 
43.64290218790219 
43.64373616473617 
43.64457014157014 
43.64540411840412 
43.6462380952381 
43.64707207207208 
43.64790604890605 
43.648740025740025 
43.649574002574006 
43.65040797940798 
43.65124195624196 
43.652075933075935 
43.65290990990991 
43.65374388674389 
43.65457786357786 
43.655411840411844 
43.65624581724582 
43.6570797940798 
43.65791377091377 
43.65874774774775 
43.65958172458173 
43.6604157014157 
43.66124967824968 
43.662083655083656 
43.66291763191764 
43.66375160875161 
43.664585585585584 
43.665419562419565 
43.66625353925354 
43.66708751608752 
43.667921492921494 
43.668755469755475 
43.66958944658945 
43.67042342342342 
43.6712574002574 
43.67209137709138 
43.67292535392536 
43.67375933075933 
43.67459330759331 
43.675427284427286 
43.67626126126126 
43.67709523809524 
43.677929214929215 
43.678763191763196 
43.67959716859717 
43.68043114543115 
43.681265122265124 
43.6820990990991 
43.68293307593308 
43.68376705276705 
43.68460102960103 
43.68543500643501 
43.68626898326899 
43.68710296010296 
43.687936936936936 
43.68877091377092 
43.68960489060489 
43.69043886743887 
43.691272844272845 
43.692106821106826 
43.6929407979408 
43.693774774774774 
43.694608751608754 
43.69544272844273 
43.69627670527671 
43.69711068211068 
43.697944658944664 
43.69877863577864 
43.69961261261261 
43.70044658944659 
43.701280566280566 
43.70211454311455 
43.70294851994852 
43.7037824967825 
43.704616473616476 
43.70545045045045 
43.70628442728443 
43.707118404118404 
43.707952380952385 
43.70878635778636 
43.70962033462034 
43.71045431145431 
43.71128828828829 
43.71212226512227 
43.71295624195624 
43.71379021879022 
43.7146241956242 
43.71545817245818 
43.71629214929215 
43.717126126126125 
43.717960102960106 
43.71879407979408 
43.71962805662806 
43.720462033462034 
43.721296010296015 
43.72212998712999 
43.72296396396396 
43.723797940797944 
43.72463191763192 
43.7254658944659 
43.72629987129987 
43.72713384813385 
43.72796782496783 
43.7288018018018 
43.72963577863578 
43.730469755469755 
43.731303732303736 
43.73213770913771 
43.73297168597169 
43.733805662805665 
43.73463963963964 
43.73547361647362 
43.73630759330759 
43.737141570141574 
43.73797554697555 
43.73880952380953 
43.7396435006435 
43.74047747747748 
43.74131145431146 
43.74214543114543 
43.74297940797941 
43.743813384813386 
43.74464736164737 
43.74548133848134 
43.746315315315314 
43.747149292149295 
43.74798326898327 
43.74881724581725 
43.749651222651224 
43.750485199485205 
43.75131917631918 
43.75215315315315 
43.75298712998713 
43.75382110682111 
43.75465508365509 
43.75548906048906 
43.75632303732304 
43.757157014157016 
43.75799099099099 
43.75882496782497 
43.759658944658945 
43.760492921492926 
43.7613268983269 
43.76216087516088 
43.762994851994854 
43.76382882882883 
43.76466280566281 
43.76549678249678 
43.766330759330764 
43.76716473616474 
43.76799871299872 
43.76883268983269 
43.769666666666666 
43.77050064350065 
43.77133462033462 
43.7721685971686 
43.773002574002575 
43.773836550836556 
43.77467052767053 
43.775504504504504 
43.776338481338485 
43.77717245817246 
43.77800643500644 
43.77884041184041 
43.779674388674394 
43.78050836550837 
43.78134234234234 
43.78217631917632 
43.783010296010296 
43.78384427284428 
43.78467824967825 
43.78551222651223 
43.786346203346206 
43.78718018018018 
43.78801415701416 
43.788848133848134 
43.789682110682115 
43.79051608751609 
43.79135006435007 
43.79218404118404 
43.79301801801802 
43.793851994852 
43.79468597168597 
43.79551994851995 
43.79635392535393 
43.79718790218791 
43.79802187902188 
43.798855855855855 
43.799689832689836 
43.80052380952381 
43.80135778635779 
43.802191763191765 
43.803025740025745 
43.80385971685972 
43.80469369369369 
43.805527670527674 
43.80636164736165 
43.80719562419563 
43.8080296010296 
43.808863577863576 
43.80969755469756 
43.81053153153153 
43.81136550836551 
43.812199485199486 
43.81303346203347 
43.81386743886744 
43.81470141570142 
43.815535392535395 
43.81636936936937 
43.81720334620335 
43.81803732303732 
43.818871299871304 
43.81970527670528 
43.82053925353925 
43.82137323037323 
43.82220720720721 
43.82304118404119 
43.82387516087516 
43.82470913770914 
43.825543114543116 
43.82637709137709 
43.82721106821107 
43.828045045045045 
43.828879021879025 
43.829712998713 
43.83054697554698 
43.831380952380954 
43.83221492921493 
43.83304890604891 
43.83388288288288 
43.83471685971686 
43.83555083655084 
43.83638481338482 
43.83721879021879 
43.838052767052766 
43.838886743886746 
43.83972072072072 
43.8405546975547 
43.841388674388675 
43.842222651222656 
43.84305662805663 
43.8438906048906 
43.844724581724584 
43.84555855855856 
43.84639253539254 
43.84722651222651 
43.848060489060494 
43.84889446589447 
43.84972844272844 
43.85056241956242 
43.851396396396396 
43.85223037323038 
43.85306435006435 
43.85389832689833 
43.854732303732305 
43.85556628056628 
43.85640025740026 
43.857234234234234 
43.858068211068215 
43.85890218790219 
43.85973616473617 
43.86057014157014 
43.86140411840412 
43.8622380952381 
43.86307207207207 
43.86390604890605 
43.864740025740026 
43.86557400257401 
43.86640797940798 
43.867241956241955 
43.868075933075936 
43.86890990990991 
43.86974388674389 
43.870577863577864 
43.871411840411845 
43.87224581724582 
43.87307979407979 
43.873913770913774 
43.87474774774775 
43.87558172458173 
43.8764157014157 
43.87724967824968 
43.87808365508366 
43.87891763191763 
43.87975160875161 
43.880585585585585 
43.881419562419566 
43.88225353925354 
43.88308751608752 
43.883921492921495 
43.88475546975547 
43.88558944658945 
43.88642342342342 
43.887257400257404 
43.88809137709138 
43.88892535392536 
43.88975933075933 
43.890593307593306 
43.89142728442729 
43.89226126126126 
43.89309523809524 
43.893929214929216 
43.8947631917632 
43.89559716859717 
43.896431145431144 
43.897265122265125 
43.8980990990991 
43.89893307593308 
43.899767052767054 
43.900601029601034 
43.90143500643501 
43.90226898326898 
43.90310296010296 
43.90393693693694 
43.90477091377092 
43.90560489060489 
43.90643886743887 
43.907272844272846 
43.90810682110682 
43.9089407979408 
43.909774774774775 
43.910608751608756 
43.91144272844273 
43.91227670527671 
43.913110682110684 
43.91394465894466 
43.91477863577864 
43.91561261261261 
43.91644658944659 
43.91728056628057 
43.91811454311455 
43.91894851994852 
43.919782496782496 
43.92061647361648 
43.92145045045045 
43.92228442728443 
43.923118404118405 
43.923952380952386 
43.92478635778636 
43.92562033462033 
43.926454311454314 
43.92728828828829 
43.92812226512227 
43.92895624195624 
43.929790218790224 
43.9306241956242 
43.93145817245817 
43.93229214929215 
43.933126126126126 
43.93396010296011 
43.93479407979408 
43.93562805662806 
43.936462033462035 
43.93729601029601 
43.93812998712999 
43.938963963963964 
43.939797940797945 
43.94063191763192 
43.9414658944659 
43.94229987129987 
43.94313384813385 
43.94396782496783 
43.9448018018018 
43.94563577863578 
43.94646975546976 
43.94730373230374 
43.94813770913771 
43.948971685971685 
43.949805662805666 
43.95063963963964 
43.95147361647362 
43.952307593307594 
43.953141570141575 
43.95397554697555 
43.95480952380952 
43.955643500643504 
43.95647747747748 
43.95731145431146 
43.95814543114543 
43.95897940797941 
43.95981338481339 
43.96064736164736 
43.96148133848134 
43.962315315315315 
43.963149292149296 
43.96398326898327 
43.964817245817244 
43.965651222651225 
43.9664851994852 
43.96731917631918 
43.96815315315315 
43.968987129987134 
43.96982110682111 
43.97065508365509 
43.97148906048906 
43.97232303732304 
43.97315701415702 
43.97399099099099 
43.97482496782497 
43.975658944658946 
43.97649292149292 
43.9773268983269 
43.978160875160874 
43.978994851994855 
43.97982882882883 
43.98066280566281 
43.981496782496784 
43.98233075933076 
43.98316473616474 
43.98399871299871 
43.98483268983269 
43.98566666666667 
43.98650064350065 
43.98733462033462 
43.988168597168595 
43.989002574002576 
43.98983655083655 
43.99067052767053 
43.991504504504505 
43.992338481338486 
43.99317245817246 
43.99400643500643 
43.994840411840414 
43.99567438867439 
43.99650836550837 
43.99734234234234 
43.99817631917632 
43.9990102960103 
43.99984427284427 
44.00067824967825 
44.001512226512226 
44.00234620334621 
44.00318018018018 
44.00401415701416 
44.004848133848135 
44.00568211068211 
44.00651608751609 
44.007350064350064 
44.008184041184045 
44.00901801801802 
44.009851994852 
44.01068597168597 
44.01151994851995 
44.01235392535393 
44.0131879021879 
44.01402187902188 
44.014855855855856 
44.01568983268984 
44.01652380952381 
44.017357786357785 
44.018191763191766 
44.01902574002574 
44.01985971685972 
44.020693693693694 
44.021527670527675 
44.02236164736165 
44.02319562419562 
44.0240296010296 
44.02486357786358 
44.02569755469756 
44.02653153153153 
44.02736550836551 
44.02819948519949 
44.02903346203346 
44.02986743886744 
44.030701415701415 
44.031535392535396 
44.03236936936937 
44.03320334620335 
44.034037323037325 
44.0348712998713 
44.03570527670528 
44.03653925353925 
44.037373230373234 
44.03820720720721 
44.03904118404119 
44.03987516087516 
44.040709137709136 
44.04154311454312 
44.04237709137709 
44.04321106821107 
44.044045045045046 
44.04487902187903 
44.045712998713 
44.046546975546974 
44.047380952380955 
44.04821492921493 
44.04904890604891 
44.04988288288288 
44.050716859716864 
44.05155083655084 
44.05238481338481 
44.05321879021879 
44.05405276705277 
44.05488674388675 
44.05572072072072 
44.0565546975547 
44.057388674388676 
44.05822265122265 
44.05905662805663 
44.059890604890604 
44.060724581724585 
44.06155855855856 
44.06239253539254 
44.063226512226514 
44.06406048906049 
44.06489446589447 
44.06572844272844 
44.06656241956242 
44.0673963963964 
44.06823037323038 
44.06906435006435 
44.069898326898326 
44.070732303732306 
44.07156628056628 
44.07240025740026 
44.073234234234235 
44.074068211068216 
44.07490218790219 
44.07573616473616 
44.076570141570144 
44.07740411840412 
44.0782380952381 
44.07907207207207 
44.079906048906054 
44.08074002574003 
44.081574002574 
44.08240797940798 
44.083241956241956 
44.08407593307594 
44.08490990990991 
44.08574388674389 
44.086577863577865 
44.08741184041184 
44.08824581724582 
44.089079794079794 
44.089913770913775 
44.09074774774775 
44.09158172458173 
44.0924157014157 
44.09324967824968 
44.09408365508366 
44.09491763191763 
44.09575160875161 
44.096585585585586 
44.09741956241957 
44.09825353925354 
44.099087516087515 
44.099921492921496 
44.10075546975547 
44.10158944658945 
44.102423423423424 
44.103257400257405 
44.10409137709138 
44.10492535392535 
44.105759330759334 
44.10659330759331 
44.10742728442729 
44.10826126126126 
44.10909523809524 
44.10992921492922 
44.11076319176319 
44.11159716859717 
44.112431145431145 
44.113265122265126 
44.1140990990991 
44.11493307593308 
44.115767052767055 
44.11660102960103 
44.11743500643501 
44.11826898326898 
44.119102960102964 
44.11993693693694 
44.12077091377091 
44.12160489060489 
44.122438867438866 
44.12327284427285 
44.12410682110682 
44.1249407979408 
44.125774774774776 
44.12660875160876 
44.12744272844273 
44.128276705276704 
44.129110682110685 
44.12994465894466 
44.13077863577864 
44.131612612612614 
44.13244658944659 
44.13328056628057 
44.13411454311454 
44.13494851994852 
44.1357824967825 
44.13661647361648 
44.13745045045045 
44.138284427284425 
44.139118404118406 
44.13995238095238 
44.14078635778636 
44.141620334620335 
44.142454311454316 
44.14328828828829 
44.14412226512226 
44.144956241956244 
44.14579021879022 
44.1466241956242 
44.14745817245817 
44.14829214929215 
44.14912612612613 
44.1499601029601 
44.15079407979408 
44.151628056628056 
44.15246203346204 
44.15329601029601 
44.15412998712999 
44.154963963963965 
44.15579794079794 
44.15663191763192 
44.15746589446589 
44.158299871299874 
44.15913384813385 
44.15996782496783 
44.1608018018018 
44.16163577863578 
44.16246975546976 
44.16330373230373 
44.16413770913771 
44.164971685971686 
44.16580566280567 
44.16663963963964 
44.167473616473615 
44.168307593307595 
44.16914157014157 
44.16997554697555 
44.170809523809524 
44.171643500643505 
44.17247747747748 
44.17331145431145 
44.17414543114543 
44.17497940797941 
44.17581338481339 
44.17664736164736 
44.17748133848134 
44.17831531531532 
44.17914929214929 
44.17998326898327 
44.180817245817245 
44.181651222651226 
44.1824851994852 
44.18331917631918 
44.184153153153154 
44.18498712998713 
44.18582110682111 
44.18665508365508 
44.187489060489064 
44.18832303732304 
44.18915701415702 
44.18999099099099 
44.190824967824966 
44.19165894465895 
44.19249292149292 
44.1933268983269 
44.194160875160875 
44.194994851994856 
44.19582882882883 
44.196662805662804 
44.197496782496785 
44.19833075933076 
44.19916473616474 
44.19999871299871 
44.200832689832694 
44.20166666666667 
