longitude 
6.460833333333333 
6.461667133781764 
6.462500934230194 
6.463334734678625 
6.4641685351270555 
6.465002335575486 
6.465836136023916 
6.466669936472347 
6.4675037369207775 
6.468337537369208 
6.469171337817638 
6.470005138266069 
6.4708389387144996 
6.47167273916293 
6.47250653961136 
6.47334034005979 
6.474174140508222 
6.475007940956652 
6.475841741405082 
6.4766755418535125 
6.477509342301944 
6.478343142750374 
6.479176943198804 
6.4800107436472345 
6.480844544095666 
6.481678344544096 
6.482512144992526 
6.4833459454409565 
6.484179745889387 
6.485013546337818 
6.485847346786248 
6.486681147234679 
6.487514947683109 
6.48834874813154 
6.48918254857997 
6.490016349028401 
6.490850149476831 
6.491683949925262 
6.492517750373692 
6.493351550822123 
6.494185351270553 
6.495019151718983 
6.495852952167414 
6.496686752615845 
6.497520553064275 
6.498354353512705 
6.4991881539611365 
6.500021954409567 
6.500855754857997 
6.501689555306427 
6.5025233557548585 
6.503357156203289 
6.504190956651719 
6.505024757100149 
6.50585855754858 
6.506692357997011 
6.507526158445441 
6.508359958893871 
6.509193759342302 
6.510027559790733 
6.510861360239163 
6.5116951606875935 
6.512528961136024 
6.513362761584455 
6.514196562032885 
6.5150303624813155 
6.515864162929746 
6.516697963378176 
6.517531763826607 
6.5183655642750375 
6.519199364723468 
6.520033165171898 
6.520866965620329 
6.52170076606876 
6.52253456651719 
6.52336836696562 
6.524202167414051 
6.525035967862482 
6.525869768310912 
6.526703568759342 
6.5275373692077725 
6.528371169656204 
6.529204970104634 
6.530038770553064 
6.5308725710014945 
6.531706371449926 
6.532540171898356 
6.533373972346786 
6.534207772795217 
6.535041573243648 
6.535875373692078 
6.536709174140508 
6.537542974588939 
6.538376775037369 
6.5392105754858 
6.54004437593423 
6.540878176382661 
6.541711976831091 
6.542545777279522 
6.543379577727952 
6.544213378176383 
6.545047178624813 
6.545880979073244 
6.5467147795216745 
6.547548579970105 
6.548382380418535 
6.549216180866965 
6.5500499813153965 
6.550883781763827 
6.551717582212257 
6.552551382660687 
6.5533851831091186 
6.554218983557549 
6.555052784005979 
6.555886584454409 
6.556720384902841 
6.557554185351271 
6.558387985799701 
6.5592217862481315 
6.560055586696562 
6.560889387144993 
6.561723187593423 
6.5625569880418535 
6.563390788490284 
6.564224588938715 
6.565058389387145 
6.5658921898355755 
6.566725990284006 
6.567559790732437 
6.568393591180867 
6.569227391629298 
6.570061192077728 
6.570894992526158 
6.571728792974589 
6.57256259342302 
6.57339639387145 
6.57423019431988 
6.575063994768311 
6.575897795216742 
6.576731595665172 
6.577565396113602 
6.578399196562033 
6.579232997010464 
6.580066797458894 
6.580900597907324 
6.581734398355755 
6.582568198804186 
6.583401999252616 
6.584235799701046 
6.585069600149477 
6.585903400597908 
6.586737201046338 
6.587571001494768 
6.588404801943199 
6.58923860239163 
6.59007240284006 
6.59090620328849 
6.591740003736921 
6.592573804185351 
6.593407604633782 
6.5942414050822125 
6.595075205530643 
6.595909005979073 
6.596742806427504 
6.5975766068759345 
6.598410407324365 
6.599244207772795 
6.600078008221226 
6.6009118086696565 
6.601745609118087 
6.602579409566517 
6.603413210014947 
6.604247010463379 
6.605080810911809 
6.605914611360239 
6.6067484118086695 
6.607582212257101 
6.608416012705531 
6.609249813153961 
6.6100836136023915 
6.610917414050823 
6.611751214499253 
6.612585014947683 
6.6134188153961135 
6.614252615844544 
6.615086416292975 
6.615920216741405 
6.616754017189836 
6.617587817638266 
6.618421618086697 
6.619255418535127 
6.620089218983558 
6.620923019431988 
6.621756819880419 
6.622590620328849 
6.62342442077728 
6.62425822122571 
6.62509202167414 
6.625925822122571 
6.626759622571002 
6.627593423019432 
6.628427223467862 
6.6292610239162935 
6.630094824364724 
6.630928624813154 
6.631762425261584 
6.6325962257100155 
6.633430026158446 
6.634263826606876 
6.635097627055306 
6.635931427503737 
6.636765227952168 
6.637599028400598 
6.638432828849028 
6.639266629297459 
6.64010042974589 
6.64093423019432 
6.6417680306427505 
6.642601831091181 
6.643435631539612 
6.644269431988042 
6.6451032324364725 
6.645937032884903 
6.646770833333333 
6.647604633781764 
6.6484384342301945 
6.649272234678625 
6.650106035127055 
6.650939835575486 
6.651773636023917 
6.652607436472347 
6.653441236920777 
6.654275037369208 
6.655108837817639 
6.655942638266069 
6.656776438714499 
6.6576102391629295 
6.658444039611361 
6.659277840059791 
6.660111640508221 
6.6609454409566515 
6.661779241405083 
6.662613041853513 
6.663446842301943 
6.664280642750374 
6.665114443198805 
6.665948243647235 
6.666782044095665 
6.667615844544096 
6.668449644992526 
6.669283445440957 
6.670117245889387 
6.670951046337818 
6.671784846786248 
6.672618647234679 
6.673452447683109 
6.67428624813154 
6.67512004857997 
6.675953849028401 
6.6767876494768315 
6.677621449925262 
6.678455250373692 
6.679289050822122 
6.6801228512705535 
6.680956651718984 
6.681790452167414 
6.682624252615844 
6.6834580530642755 
6.684291853512706 
6.685125653961136 
6.685959454409566 
6.686793254857998 
6.687627055306428 
6.688460855754858 
6.6892946562032884 
6.690128456651719 
6.69096225710015 
6.69179605754858 
6.6926298579970105 
6.693463658445441 
6.694297458893872 
6.695131259342302 
6.6959650597907325 
6.696798860239163 
6.697632660687594 
6.698466461136024 
6.699300261584455 
6.700134062032885 
6.700967862481315 
6.701801662929746 
6.702635463378177 
6.703469263826607 
6.704303064275037 
6.705136864723468 
6.705970665171899 
6.706804465620329 
6.707638266068759 
6.70847206651719 
6.709305866965621 
6.710139667414051 
6.710973467862481 
6.711807268310912 
6.712641068759343 
6.713474869207773 
6.714308669656203 
6.715142470104634 
6.715976270553065 
6.716810071001495 
6.717643871449925 
6.718477671898356 
6.719311472346787 
6.720145272795217 
6.720979073243647 
6.721812873692078 
6.722646674140508 
6.723480474588939 
6.7243142750373694 
6.7251480754858 
6.72598187593423 
6.726815676382661 
6.7276494768310915 
6.728483277279522 
6.729317077727952 
6.730150878176383 
6.7309846786248135 
6.731818479073244 
6.732652279521674 
6.733486079970104 
6.734319880418536 
6.735153680866966 
6.735987481315396 
6.736821281763826 
6.737655082212258 
6.738488882660688 
6.739322683109118 
6.7401564835575485 
6.74099028400598 
6.74182408445441 
6.74265788490284 
6.7434916853512705 
6.744325485799701 
6.745159286248132 
6.745993086696562 
6.746826887144993 
6.747660687593423 
6.748494488041854 
6.749328288490284 
6.750162088938715 
6.750995889387145 
6.751829689835576 
6.752663490284006 
6.753497290732437 
6.754331091180867 
6.755164891629297 
6.755998692077728 
6.756832492526159 
6.757666292974589 
6.758500093423019 
6.7593338938714504 
6.760167694319881 
6.761001494768311 
6.761835295216741 
6.7626690956651725 
6.763502896113603 
6.764336696562033 
6.765170497010463 
6.766004297458894 
6.766838097907325 
6.767671898355755 
6.768505698804185 
6.769339499252616 
6.770173299701047 
6.771007100149477 
6.771840900597907 
6.772674701046338 
6.773508501494769 
6.774342301943199 
6.7751761023916295 
6.77600990284006 
6.776843703288491 
6.777677503736921 
6.7785113041853515 
6.779345104633782 
6.780178905082212 
6.781012705530643 
6.781846505979074 
6.782680306427504 
6.783514106875934 
6.784347907324365 
6.785181707772796 
6.786015508221226 
6.786849308669656 
6.787683109118087 
6.788516909566518 
6.789350710014948 
6.790184510463378 
6.7910183109118085 
6.79185211136024 
6.79268591180867 
6.7935197122571 
6.794353512705531 
6.795187313153962 
6.796021113602392 
6.796854914050822 
6.797688714499253 
6.798522514947684 
6.799356315396114 
6.800190115844544 
6.801023916292975 
6.801857716741405 
6.802691517189836 
6.803525317638266 
6.804359118086697 
6.805192918535127 
6.806026718983558 
6.806860519431988 
6.807694319880419 
6.808528120328849 
6.80936192077728 
6.8101957212257105 
6.811029521674141 
6.811863322122571 
6.812697122571001 
6.8135309230194325 
6.814364723467863 
6.815198523916293 
6.816032324364723 
6.816866124813155 
6.817699925261585 
6.818533725710015 
6.819367526158445 
6.820201326606877 
6.821035127055307 
6.821868927503737 
6.8227027279521675 
6.823536528400598 
6.824370328849029 
6.825204129297459 
6.8260379297458895 
6.82687173019432 
6.827705530642751 
6.828539331091181 
6.829373131539612 
6.830206931988042 
6.831040732436473 
6.831874532884903 
6.832708333333334 
6.833542133781764 
6.834375934230195 
6.835209734678625 
6.836043535127056 
6.836877335575486 
6.837711136023916 
6.838544936472347 
6.839378736920778 
6.840212537369208 
6.841046337817638 
6.8418801382660694 
6.8427139387145 
6.84354773916293 
6.84438153961136 
6.8452153400597915 
6.846049140508222 
6.846882940956652 
6.847716741405082 
6.848550541853513 
6.849384342301944 
6.850218142750374 
6.851051943198804 
6.851885743647235 
6.852719544095666 
6.853553344544096 
6.854387144992526 
6.855220945440957 
6.856054745889388 
6.856888546337818 
6.8577223467862485 
6.858556147234679 
6.859389947683109 
6.86022374813154 
6.8610575485799705 
6.861891349028401 
6.862725149476831 
6.863558949925262 
6.864392750373693 
6.865226550822123 
6.866060351270553 
6.866894151718984 
6.867727952167415 
6.868561752615845 
6.869395553064275 
6.8702293535127055 
6.871063153961137 
6.871896954409567 
6.872730754857997 
6.8735645553064275 
6.874398355754859 
6.875232156203289 
6.876065956651719 
6.87689975710015 
6.877733557548581 
6.878567357997011 
6.879401158445441 
6.880234958893872 
6.881068759342302 
6.881902559790733 
6.882736360239163 
6.883570160687594 
6.884403961136024 
6.885237761584455 
6.886071562032885 
6.886905362481316 
6.887739162929746 
6.888572963378177 
6.889406763826607 
6.890240564275038 
6.891074364723468 
6.891908165171898 
6.8927419656203295 
6.89357576606876 
6.89440956651719 
6.89524336696562 
6.8960771674140515 
6.896910967862482 
6.897744768310912 
6.898578568759342 
6.899412369207774 
6.900246169656204 
6.901079970104634 
6.901913770553064 
6.902747571001495 
6.903581371449926 
6.904415171898356 
6.9052489723467865 
6.906082772795217 
6.906916573243648 
6.907750373692078 
6.9085841741405085 
6.909417974588939 
6.91025177503737 
6.9110855754858 
6.911919375934231 
6.912753176382661 
6.913586976831091 
6.914420777279522 
6.915254577727953 
6.916088378176383 
6.916922178624813 
6.917755979073244 
6.918589779521675 
6.919423579970105 
6.920257380418535 
6.921091180866966 
6.921924981315397 
6.922758781763827 
6.923592582212257 
6.9244263826606876 
6.925260183109119 
6.926093983557549 
6.926927784005979 
6.92776158445441 
6.928595384902841 
6.929429185351271 
6.930262985799701 
6.931096786248132 
6.931930586696563 
6.932764387144993 
6.933598187593423 
6.934431988041854 
6.935265788490284 
6.936099588938715 
6.936933389387145 
6.937767189835576 
6.938600990284006 
6.939434790732437 
6.9402685911808675 
6.941102391629298 
6.941936192077728 
6.942769992526159 
6.9436037929745895 
6.94443759342302 
6.94527139387145 
6.94610519431988 
6.946938994768312 
6.947772795216742 
6.948606595665172 
6.949440396113602 
6.950274196562034 
6.951107997010464 
6.951941797458894 
6.9527755979073245 
6.953609398355756 
6.954443198804186 
6.955276999252616 
6.9561107997010465 
6.956944600149477 
6.957778400597908 
6.958612201046338 
6.9594460014947686 
6.960279801943199 
6.96111360239163 
6.96194740284006 
6.962781203288491 
6.963615003736921 
6.964448804185352 
6.965282604633782 
6.966116405082213 
6.966950205530643 
6.967784005979073 
6.968617806427504 
6.969451606875935 
6.970285407324365 
6.971119207772795 
6.971953008221226 
6.972786808669657 
6.973620609118087 
6.974454409566517 
6.9752882100149485 
6.976122010463379 
6.976955810911809 
6.977789611360239 
6.97862341180867 
6.979457212257101 
6.980291012705531 
6.981124813153961 
6.981958613602392 
6.982792414050823 
6.983626214499253 
6.984460014947683 
6.985293815396114 
6.986127615844545 
6.986961416292975 
6.9877952167414055 
6.988629017189836 
6.989462817638266 
6.990296618086697 
6.9911304185351275 
6.991964218983558 
6.992798019431988 
6.993631819880419 
6.9944656203288496 
6.99529942077728 
6.99613322122571 
6.996967021674141 
6.997800822122572 
6.998634622571002 
6.999468423019432 
7.0003022234678625 
7.001136023916294 
7.001969824364724 
7.002803624813154 
7.0036374252615845 
7.004471225710016 
7.005305026158446 
7.006138826606876 
7.0069726270553065 
7.007806427503738 
7.008640227952168 
7.009474028400598 
7.010307828849029 
7.011141629297459 
7.01197542974589 
7.01280923019432 
7.013643030642751 
7.014476831091181 
7.015310631539612 
7.016144431988042 
7.016978232436473 
7.017812032884903 
7.018645833333334 
7.019479633781764 
7.020313434230195 
7.021147234678625 
7.021981035127055 
7.0228148355754865 
7.023648636023917 
7.024482436472347 
7.025316236920777 
7.0261500373692085 
7.026983837817639 
7.027817638266069 
7.028651438714499 
7.0294852391629306 
7.030319039611361 
7.031152840059791 
7.031986640508221 
7.032820440956652 
7.033654241405083 
7.034488041853513 
7.0353218423019435 
7.036155642750374 
7.036989443198805 
7.037823243647235 
7.0386570440956655 
7.039490844544096 
7.040324644992527 
7.041158445440957 
7.0419922458893875 
7.042826046337818 
7.043659846786248 
7.044493647234679 
7.04532744768311 
7.04616124813154 
7.04699504857997 
7.047828849028401 
7.048662649476832 
7.049496449925262 
7.050330250373692 
7.051164050822123 
7.051997851270554 
7.052831651718984 
7.053665452167414 
7.0544992526158445 
7.055333053064276 
7.056166853512706 
7.057000653961136 
7.057834454409567 
7.058668254857998 
7.059502055306428 
7.060335855754858 
7.061169656203289 
7.06200345665172 
7.06283725710015 
7.06367105754858 
7.064504857997011 
7.065338658445441 
7.066172458893872 
7.067006259342302 
7.067840059790733 
7.068673860239163 
7.069507660687594 
7.0703414611360245 
7.071175261584455 
7.072009062032885 
7.072842862481316 
7.0736766629297465 
7.074510463378177 
7.075344263826607 
7.076178064275037 
7.0770118647234685 
7.077845665171899 
7.078679465620329 
7.079513266068759 
7.080347066517191 
7.081180866965621 
7.082014667414051 
7.0828484678624815 
7.083682268310913 
7.084516068759343 
7.085349869207773 
7.0861836696562035 
7.087017470104634 
7.087851270553065 
7.088685071001495 
7.0895188714499255 
7.090352671898356 
7.091186472346787 
7.092020272795217 
7.092854073243648 
7.093687873692078 
7.094521674140509 
7.095355474588939 
7.09618927503737 
7.0970230754858 
7.09785687593423 
7.098690676382661 
7.099524476831092 
7.100358277279522 
7.101192077727952 
7.102025878176383 
7.102859678624814 
7.103693479073244 
7.104527279521674 
7.1053610799701055 
7.106194880418536 
7.107028680866966 
7.107862481315396 
7.108696281763827 
7.109530082212258 
7.110363882660688 
7.111197683109118 
7.112031483557549 
7.11286528400598 
7.11369908445441 
7.11453288490284 
7.115366685351271 
7.116200485799702 
7.117034286248132 
7.1178680866965625 
7.118701887144993 
7.119535687593423 
7.120369488041854 
7.1212032884902845 
7.122037088938715 
7.122870889387145 
7.123704689835576 
7.1245384902840065 
7.125372290732437 
7.126206091180867 
7.127039891629298 
7.127873692077729 
7.128707492526159 
7.129541292974589 
7.1303750934230195 
7.131208893871451 
7.132042694319881 
7.132876494768311 
7.1337102952167415 
7.134544095665173 
7.135377896113603 
7.136211696562033 
7.1370454970104635 
7.137879297458895 
7.138713097907325 
7.139546898355755 
7.140380698804186 
7.141214499252616 
7.142048299701047 
7.142882100149477 
7.143715900597908 
7.144549701046338 
7.145383501494769 
7.146217301943199 
7.14705110239163 
7.14788490284006 
7.148718703288491 
7.149552503736921 
7.150386304185352 
7.151220104633782 
7.152053905082212 
7.1528877055306435 
7.153721505979074 
7.154555306427504 
7.155389106875934 
7.1562229073243655 
7.157056707772796 
7.157890508221226 
7.158724308669656 
7.1595581091180875 
7.160391909566518 
7.161225710014948 
7.162059510463378 
7.162893310911809 
7.16372711136024 
7.16456091180867 
7.1653947122571005 
7.166228512705531 
7.167062313153962 
7.167896113602392 
7.1687299140508225 
7.169563714499253 
7.170397514947684 
7.171231315396114 
7.1720651158445445 
7.172898916292975 
7.173732716741405 
7.174566517189836 
7.175400317638267 
7.176234118086697 
7.177067918535127 
7.177901718983558 
7.178735519431989 
7.179569319880419 
7.180403120328849 
7.18123692077728 
7.182070721225711 
7.182904521674141 
7.183738322122571 
7.1845721225710015 
7.185405923019433 
7.186239723467863 
7.187073523916293 
7.187907324364724 
7.188741124813155 
7.189574925261585 
7.190408725710015 
7.191242526158446 
7.192076326606877 
7.192910127055307 
7.193743927503737 
7.194577727952168 
7.195411528400598 
7.196245328849029 
7.197079129297459 
7.19791292974589 
7.19874673019432 
7.199580530642751 
7.2004143310911815 
7.201248131539612 
7.202081931988042 
7.202915732436473 
7.2037495328849035 
7.204583333333334 
7.205417133781764 
7.206250934230194 
7.2070847346786255 
7.207918535127056 
7.208752335575486 
7.209586136023916 
7.210419936472348 
7.211253736920778 
7.212087537369208 
7.2129213378176384 
7.21375513826607 
7.2145889387145 
7.21542273916293 
7.2162565396113605 
7.217090340059791 
7.217924140508222 
7.218757940956652 
7.2195917414050825 
7.220425541853513 
7.221259342301944 
7.222093142750374 
7.222926943198805 
7.223760743647235 
7.224594544095666 
7.225428344544096 
7.226262144992527 
7.227095945440957 
7.227929745889387 
7.228763546337818 
7.229597346786249 
7.230431147234679 
7.231264947683109 
7.23209874813154 
7.232932548579971 
7.233766349028401 
7.234600149476831 
7.2354339499252625 
7.236267750373693 
7.237101550822123 
7.237935351270553 
7.238769151718984 
7.239602952167415 
7.240436752615845 
7.241270553064275 
7.242104353512706 
7.242938153961137 
7.243771954409567 
7.244605754857997 
7.245439555306428 
7.246273355754859 
7.247107156203289 
7.2479409566517194 
7.24877475710015 
7.24960855754858 
7.250442357997011 
7.2512761584454415 
7.252109958893872 
7.252943759342302 
7.253777559790733 
7.2546113602391635 
7.255445160687594 
7.256278961136024 
7.257112761584455 
7.257946562032886 
7.258780362481316 
7.259614162929746 
7.260447963378176 
7.261281763826608 
7.262115564275038 
7.262949364723468 
7.2637831651718985 
7.26461696562033 
7.26545076606876 
7.26628456651719 
7.2671183669656205 
7.267952167414052 
7.268785967862482 
7.269619768310912 
7.270453568759343 
7.271287369207773 
7.272121169656204 
7.272954970104634 
7.273788770553065 
7.274622571001495 
7.275456371449926 
7.276290171898356 
7.277123972346787 
7.277957772795217 
7.278791573243648 
7.279625373692078 
7.280459174140509 
7.281292974588939 
7.282126775037369 
7.2829605754858004 
7.283794375934231 
7.284628176382661 
7.285461976831091 
7.2862957772795225 
7.287129577727953 
7.287963378176383 
7.288797178624813 
7.2896309790732445 
7.290464779521675 
7.291298579970105 
7.292132380418535 
7.292966180866966 
7.293799981315397 
7.294633781763827 
7.295467582212257 
7.296301382660688 
7.297135183109119 
7.297968983557549 
7.2988027840059795 
7.29963658445441 
7.300470384902841 
7.301304185351271 
7.3021379857997015 
7.302971786248132 
7.303805586696562 
7.304639387144993 
7.305473187593424 
7.306306988041854 
7.307140788490284 
7.307974588938715 
7.308808389387146 
7.309642189835576 
7.310475990284006 
7.311309790732437 
7.312143591180868 
7.312977391629298 
7.313811192077728 
7.3146449925261585 
7.31547879297459 
7.31631259342302 
7.31714639387145 
7.317980194319881 
7.318813994768312 
7.319647795216742 
7.320481595665172 
7.321315396113603 
7.322149196562034 
7.322982997010464 
7.323816797458894 
7.324650597907325 
7.325484398355755 
7.326318198804186 
7.327151999252616 
7.327985799701047 
7.328819600149477 
7.329653400597908 
7.330487201046338 
7.331321001494769 
7.332154801943199 
7.33298860239163 
7.3338224028400605 
7.334656203288491 
7.335490003736921 
7.336323804185351 
7.3371576046337825 
7.337991405082213 
7.338825205530643 
7.339659005979073 
7.340492806427505 
7.341326606875935 
7.342160407324365 
7.342994207772795 
7.343828008221227 
7.344661808669657 
7.345495609118087 
7.3463294095665175 
7.347163210014948 
7.347997010463379 
7.348830810911809 
7.3496646113602395 
7.35049841180867 
7.351332212257101 
7.352166012705531 
7.352999813153962 
7.353833613602392 
7.354667414050823 
7.355501214499253 
7.356335014947684 
7.357168815396114 
7.358002615844544 
7.358836416292975 
7.359670216741406 
7.360504017189836 
7.361337817638266 
7.362171618086697 
7.363005418535128 
7.363839218983558 
7.364673019431988 
7.365506819880419 
7.36634062032885 
7.36717442077728 
7.36800822122571 
7.368842021674141 
7.369675822122572 
7.370509622571002 
7.371343423019432 
7.372177223467863 
7.373011023916294 
7.373844824364724 
7.374678624813154 
7.375512425261585 
7.376346225710016 
7.377180026158446 
7.378013826606876 
7.378847627055307 
7.379681427503737 
7.380515227952168 
7.3813490284005985 
7.382182828849029 
7.38301662929746 
7.38385042974589 
7.3846842301943205 
7.385518030642751 
7.386351831091181 
7.387185631539612 
7.388019431988043 
7.388853232436473 
7.389687032884903 
7.390520833333333 
7.391354633781765 
7.392188434230195 
7.393022234678625 
7.393856035127056 
7.394689835575487 
7.395523636023917 
7.396357436472347 
7.3971912369207775 
7.398025037369209 
7.398858837817639 
7.399692638266069 
7.4005264387144996 
7.40136023916293 
7.402194039611361 
7.403027840059791 
7.403861640508222 
7.404695440956653 
7.405529241405083 
7.406363041853513 
7.407196842301944 
7.408030642750374 
7.408864443198805 
7.409698243647235 
7.410532044095666 
7.411365844544096 
7.412199644992526 
7.413033445440957 
7.413867245889388 
7.414701046337818 
7.415534846786249 
7.4163686472346795 
7.41720244768311 
7.41803624813154 
7.41887004857997 
7.4197038490284015 
7.420537649476832 
7.421371449925262 
7.422205250373692 
7.423039050822123 
7.423872851270554 
7.424706651718984 
7.425540452167414 
7.426374252615846 
7.427208053064276 
7.428041853512706 
7.4288756539611365 
7.429709454409567 
7.430543254857998 
7.431377055306428 
7.4322108557548585 
7.433044656203289 
7.433878456651719 
7.43471225710015 
7.435546057548581 
7.436379857997011 
7.437213658445442 
7.438047458893872 
7.438881259342303 
7.439715059790733 
7.440548860239163 
7.441382660687594 
7.442216461136025 
7.443050261584455 
7.443884062032885 
7.4447178624813155 
7.445551662929747 
7.446385463378177 
7.447219263826607 
7.448053064275038 
7.448886864723469 
7.449720665171899 
7.450554465620329 
7.45138826606876 
7.452222066517191 
7.453055866965621 
7.453889667414051 
7.454723467862482 
7.455557268310912 
7.456391068759343 
7.457224869207773 
7.458058669656204 
7.458892470104635 
7.459726270553065 
7.460560071001495 
7.461393871449926 
7.462227671898356 
7.463061472346787 
7.4638952727952175 
7.464729073243648 
7.465562873692078 
7.466396674140508 
7.4672304745889395 
7.46806427503737 
7.4688980754858 
7.469731875934231 
7.470565676382662 
7.471399476831092 
7.472233277279522 
7.473067077727952 
7.473900878176384 
7.474734678624814 
7.475568479073244 
7.4764022795216745 
7.477236079970105 
7.478069880418536 
7.478903680866966 
7.4797374813153965 
7.480571281763828 
7.481405082212258 
7.482238882660688 
7.4830726831091186 
7.483906483557549 
7.48474028400598 
7.48557408445441 
7.486407884902841 
7.487241685351271 
7.488075485799701 
7.488909286248132 
7.489743086696563 
7.490576887144993 
7.491410687593424 
7.492244488041854 
7.493078288490285 
7.493912088938715 
7.494745889387145 
7.495579689835576 
7.496413490284007 
7.497247290732437 
7.498081091180867 
7.498914891629298 
7.499748692077729 
7.500582492526159 
7.501416292974589 
7.5022500934230205 
7.503083893871451 
7.503917694319881 
7.504751494768311 
7.505585295216742 
7.506419095665173 
7.507252896113603 
7.508086696562033 
7.508920497010464 
7.509754297458894 
7.510588097907325 
7.5114218983557555 
7.512255698804186 
7.513089499252617 
7.513923299701047 
7.5147571001494775 
7.515590900597908 
7.516424701046338 
7.517258501494769 
7.5180923019431996 
7.51892610239163 
7.51975990284006 
7.52059370328849 
7.521427503736922 
7.522261304185352 
7.523095104633782 
7.523928905082213 
7.524762705530644 
7.525596505979074 
7.526430306427504 
7.5272641068759345 
7.528097907324366 
7.528931707772796 
7.529765508221226 
7.5305993086696565 
7.531433109118087 
7.532266909566518 
7.533100710014948 
7.533934510463379 
7.53476831091181 
7.53560211136024 
7.53643591180867 
7.537269712257101 
7.538103512705531 
7.538937313153962 
7.539771113602392 
7.540604914050823 
7.541438714499253 
7.542272514947683 
7.543106315396114 
7.543940115844545 
7.544773916292975 
7.545607716741406 
7.5464415171898365 
7.547275317638267 
7.548109118086697 
7.548942918535127 
7.5497767189835585 
7.550610519431989 
7.551444319880419 
7.552278120328849 
7.55311192077728 
7.553945721225711 
7.554779521674141 
7.555613322122571 
7.556447122571003 
7.557280923019433 
7.558114723467863 
7.5589485239162935 
7.559782324364724 
7.560616124813155 
7.561449925261585 
7.5622837257100155 
7.563117526158446 
7.563951326606876 
7.564785127055307 
7.5656189275037375 
7.566452727952168 
7.567286528400599 
7.568120328849029 
7.56895412929746 
7.56978792974589 
7.57062173019432 
7.571455530642751 
7.572289331091182 
7.573123131539612 
7.573956931988042 
7.5747907324364725 
7.575624532884904 
7.576458333333334 
7.577292133781764 
7.578125934230195 
7.578959734678626 
7.579793535127056 
7.580627335575486 
7.581461136023917 
7.582294936472348 
7.583128736920778 
7.583962537369208 
7.584796337817639 
7.585630138266069 
7.5864639387145 
7.58729773916293 
7.588131539611361 
7.588965340059792 
7.589799140508222 
7.590632940956652 
7.591466741405083 
7.592300541853513 
7.593134342301944 
7.5939681427503745 
7.594801943198805 
7.595635743647235 
7.596469544095665 
7.5973033445440965 
7.598137144992527 
7.598970945440957 
7.599804745889388 
7.6006385463378185 
7.601472346786249 
7.602306147234679 
7.603139947683109 
7.603973748131541 
7.604807548579971 
7.605641349028401 
7.6064751494768315 
7.607308949925262 
7.608142750373693 
7.608976550822123 
7.6098103512705535 
7.610644151718985 
7.611477952167415 
7.612311752615845 
7.6131455530642755 
7.613979353512706 
7.614813153961137 
7.615646954409567 
7.616480754857998 
7.617314555306428 
7.618148355754858 
7.618982156203289 
7.61981595665172 
7.62064975710015 
7.621483557548581 
7.622317357997011 
7.623151158445442 
7.623984958893872 
7.624818759342302 
7.625652559790733 
7.626486360239164 
7.627320160687594 
7.628153961136024 
7.628987761584455 
7.629821562032886 
7.630655362481316 
7.631489162929746 
7.6323229633781775 
7.633156763826608 
7.633990564275038 
7.634824364723468 
7.635658165171899 
7.63649196562033 
7.63732576606876 
7.63815956651719 
7.638993366965621 
7.639827167414051 
7.640660967862482 
7.6414947683109125 
7.642328568759343 
7.643162369207774 
7.643996169656204 
7.6448299701046345 
7.645663770553065 
7.646497571001495 
7.647331371449926 
7.6481651718983565 
7.648998972346787 
7.649832772795217 
7.650666573243647 
7.651500373692079 
7.652334174140509 
7.653167974588939 
7.65400177503737 
7.654835575485801 
7.655669375934231 
7.656503176382661 
7.6573369768310915 
7.658170777279523 
7.659004577727953 
7.659838378176383 
7.6606721786248135 
7.661505979073244 
7.662339779521675 
7.663173579970105 
7.664007380418536 
7.664841180866967 
7.665674981315397 
7.666508781763827 
7.667342582212258 
7.668176382660688 
7.669010183109119 
7.669843983557549 
7.67067778400598 
7.67151158445441 
7.67234538490284 
7.673179185351271 
7.674012985799702 
7.674846786248132 
7.675680586696563 
7.6765143871449935 
7.677348187593424 
7.678181988041854 
7.679015788490284 
7.6798495889387155 
7.680683389387146 
7.681517189835576 
7.682350990284006 
7.683184790732437 
7.684018591180868 
7.684852391629298 
7.685686192077728 
7.68651999252616 
7.68735379297459 
7.68818759342302 
7.6890213938714504 
7.689855194319881 
7.690688994768312 
7.691522795216742 
7.6923565956651725 
7.693190396113603 
7.694024196562033 
7.694857997010464 
7.6956917974588945 
7.696525597907325 
7.697359398355756 
7.698193198804186 
7.699026999252617 
7.699860799701047 
7.700694600149477 
7.701528400597908 
7.702362201046339 
7.703196001494769 
7.704029801943199 
7.7048636023916295 
7.705697402840061 
7.706531203288491 
7.707365003736921 
7.708198804185352 
7.709032604633783 
7.709866405082213 
7.710700205530643 
7.711534005979074 
7.712367806427505 
7.713201606875935 
7.714035407324365 
7.714869207772796 
7.715703008221226 
7.716536808669657 
7.717370609118087 
7.718204409566518 
7.719038210014949 
7.719872010463379 
7.720705810911809 
7.72153961136024 
7.72237341180867 
7.723207212257101 
7.7240410127055315 
7.724874813153962 
7.725708613602392 
7.726542414050822 
7.7273762144992535 
7.728210014947684 
7.729043815396114 
7.729877615844545 
7.7307114162929755 
7.731545216741406 
7.732379017189836 
7.733212817638266 
7.734046618086698 
7.734880418535128 
7.735714218983558 
7.736548019431988 
7.737381819880419 
7.73821562032885 
7.73904942077728 
7.7398832212257105 
7.740717021674142 
7.741550822122572 
7.742384622571002 
7.7432184230194325 
7.744052223467863 
7.744886023916294 
7.745719824364724 
7.746553624813155 
7.747387425261585 
7.748221225710015 
7.749055026158446 
7.749888826606877 
7.750722627055307 
7.751556427503738 
7.752390227952168 
7.753224028400599 
7.754057828849029 
7.754891629297459 
7.75572542974589 
7.756559230194321 
7.757393030642751 
7.758226831091181 
7.759060631539612 
7.759894431988043 
7.760728232436473 
7.761562032884903 
7.7623958333333345 
7.763229633781765 
7.764063434230195 
7.764897234678625 
7.765731035127056 
7.766564835575487 
7.767398636023917 
7.768232436472347 
7.769066236920778 
7.769900037369208 
7.770733837817639 
7.7715676382660694 
7.7724014387145 
7.773235239162931 
7.774069039611361 
7.7749028400597915 
7.775736640508222 
7.776570440956652 
7.777404241405083 
7.7782380418535135 
7.779071842301944 
7.779905642750374 
7.780739443198804 
7.781573243647236 
7.782407044095666 
7.783240844544096 
7.784074644992527 
7.784908445440958 
7.785742245889388 
7.786576046337818 
7.7874098467862485 
7.78824364723468 
7.78907744768311 
7.78991124813154 
7.790745048579971 
7.791578849028401 
7.792412649476832 
7.793246449925262 
7.794080250373693 
7.794914050822124 
7.795747851270554 
7.796581651718984 
7.797415452167415 
7.798249252615845 
7.799083053064276 
7.799916853512706 
7.800750653961137 
7.801584454409568 
7.802418254857997 
7.803252055306428 
7.804085855754859 
7.804919656203289 
7.80575345665172 
7.8065872571001504 
7.807421057548581 
7.808254857997011 
7.809088658445441 
7.8099224588938725 
7.810756259342303 
7.811590059790733 
7.812423860239164 
7.813257660687594 
7.814091461136025 
7.814925261584455 
7.815759062032885 
7.816592862481317 
7.817426662929747 
7.818260463378177 
7.819094263826607 
7.819928064275038 
7.820761864723469 
7.821595665171899 
7.8224294656203295 
7.823263266068761 
7.82409706651719 
7.824930866965621 
7.8257646674140515 
7.826598467862482 
7.827432268310913 
7.828266068759343 
7.829099869207774 
7.829933669656204 
7.830767470104634 
7.831601270553065 
7.832435071001496 
7.833268871449926 
7.834102671898357 
7.8349364723467865 
7.835770272795218 
7.836604073243648 
7.837437873692078 
7.838271674140509 
7.83910547458894 
7.83993927503737 
7.8407730754858 
7.841606875934231 
7.842440676382662 
7.843274476831092 
7.844108277279522 
7.8449420777279535 
7.845775878176383 
7.846609678624814 
7.847443479073244 
7.848277279521675 
7.849111079970106 
7.849944880418536 
7.850778680866966 
7.851612481315397 
7.852446281763827 
7.853280082212258 
7.854113882660688 
7.854947683109119 
7.85578148355755 
7.856615284005979 
7.8574490844544105 
7.858282884902841 
7.859116685351271 
7.859950485799702 
7.8607842862481325 
7.861618086696563 
7.862451887144993 
7.863285687593423 
7.864119488041855 
7.864953288490285 
7.865787088938715 
7.866620889387146 
7.867454689835576 
7.868288490284007 
7.869122290732437 
7.8699560911808675 
7.870789891629299 
7.871623692077729 
7.872457492526159 
7.8732912929745895 
7.87412509342302 
7.874958893871451 
7.875792694319881 
7.876626494768312 
7.877460295216743 
7.878294095665173 
7.879127896113603 
7.879961696562034 
7.880795497010464 
7.881629297458895 
7.882463097907325 
7.883296898355756 
7.884130698804186 
7.884964499252616 
7.885798299701047 
7.886632100149478 
7.887465900597908 
7.888299701046339 
7.889133501494769 
7.8899673019432 
7.89080110239163 
7.89163490284006 
7.8924687032884915 
7.893302503736922 
7.894136304185352 
7.894970104633782 
7.895803905082213 
7.896637705530644 
7.897471505979074 
7.898305306427504 
7.899139106875936 
7.899972907324366 
7.900806707772796 
7.901640508221226 
7.902474308669657 
7.903308109118088 
7.904141909566518 
7.9049757100149485 
7.905809510463379 
7.906643310911809 
7.90747711136024 
7.9083109118086705 
7.909144712257101 
7.909978512705532 
7.910812313153962 
7.911646113602393 
7.912479914050823 
7.913313714499253 
7.914147514947684 
7.914981315396115 
7.915815115844545 
7.916648916292975 
7.9174827167414055 
7.918316517189837 
7.919150317638267 
7.919984118086697 
7.920817918535128 
7.921651718983559 
7.922485519431989 
7.923319319880419 
7.9241531203288496 
7.924986920777281 
7.925820721225711 
7.926654521674141 
7.927488322122572 
7.928322122571002 
7.929155923019433 
7.929989723467863 
7.930823523916294 
7.931657324364725 
7.932491124813155 
7.933324925261585 
7.934158725710016 
7.934992526158446 
7.935826326606877 
7.936660127055307 
7.937493927503738 
7.938327727952168 
7.939161528400598 
7.9399953288490295 
7.94082912929746 
7.94166292974589 
7.942496730194321 
7.9433305306427515 
7.944164331091182 
7.944998131539612 
7.945831931988042 
7.946665732436474 
7.947499532884904 
7.948333333333334 
